[dialog]
opacity=0.8200000000000001
padding=4
radius=3

[panel]
opacity=0.8200000000000001
padding=5
radius=3
taskStyle=inside
thickpadding=8

[theme]
accentColor=35,35,35
highlightColor=78,109,81
textColor=202,204,162

[widget]
opacity=0.8200000000000001

